source_surf = .false.
xs = 95631.01117
zs = 79591.34591
source_type = 1
time_function_type = 1
f0 = 0.10
tshift = 0.0
anglesource = 0.0
Mxx = 1.0
Mzz = 1.0
Mxz = 0.0
factor = 10000000000.0