source_surf = .false.
xs = 124960.00460
zs = 62881.70660
source_type = 1
time_function_type = 1
f0 = 0.10
tshift = 0.0
anglesource = 0.0
Mxx = 1.0
Mzz = 1.0
Mxz = 0.0
factor = 10000000000.0